1024 1 1.45618e-09
1024 2 1.45708e-09
1024 4 1.45456e-09
1024 8 1.45619e-09
1024 16 1.45549e-09
1024 32 1.45647e-09
1024 64 1.45706e-09
1024 128 1.45695e-09
1024 256 1.45627e-09
1024 512 1.45526e-09


2048 1 1.45712e-09
2048 2 1.45519e-09
2048 4 1.45616e-09
2048 8 1.45572e-09
2048 16 1.45713e-09
2048 32 1.4572e-09
2048 64 1.45554e-09
2048 128 1.45625e-09
2048 256 1.45695e-09
2048 512 1.45661e-09
2048 1024 1.45647e-09


4096 1 1.45482e-09
4096 2 1.45656e-09
4096 4 1.45714e-09
4096 8 1.45793e-09
4096 16 1.45628e-09
4096 32 1.45521e-09
4096 64 1.45842e-09
4096 128 1.45647e-09
4096 256 1.45528e-09
4096 512 1.45615e-09
4096 1024 1.45504e-09
4096 2048 1.45643e-09


8192 1 1.46305e-09
8192 2 1.46921e-09
8192 4 1.47749e-09
8192 8 1.46036e-09
8192 16 1.46084e-09
8192 32 1.45883e-09
8192 64 1.45892e-09
8192 128 1.45857e-09
8192 256 1.45884e-09
8192 512 1.45767e-09
8192 1024 1.45733e-09
8192 2048 1.45632e-09
8192 4096 1.45743e-09


16384 1 1.46201e-09
16384 2 1.46941e-09
16384 4 1.71348e-09
16384 8 2.00899e-09
16384 16 2.54422e-09
16384 32 2.83365e-09
16384 64 3.67406e-09
16384 128 5.54043e-09
16384 256 5.54347e-09
16384 512 5.53834e-09
16384 1024 5.53828e-09
16384 2048 1.45676e-09
16384 4096 1.45714e-09
16384 8192 1.45629e-09


32768 1 1.45936e-09
32768 2 1.47128e-09
32768 4 1.71618e-09
32768 8 2.03112e-09
32768 16 2.56976e-09
32768 32 2.85552e-09
32768 64 3.71078e-09
32768 128 5.63018e-09
32768 256 5.72291e-09
32768 512 5.89132e-09
32768 1024 6.24311e-09
32768 2048 6.25178e-09
32768 4096 2.13188e-09
32768 8192 1.45675e-09
32768 16384 1.45688e-09


65536 1 1.54137e-09
65536 2 1.70791e-09
65536 4 2.11285e-09
65536 8 2.37714e-09
65536 16 3.15973e-09
65536 32 3.42956e-09
65536 64 4.4809e-09
65536 128 6.2663e-09
65536 256 6.36938e-09
65536 512 6.71741e-09
65536 1024 6.92114e-09
65536 2048 6.89614e-09
65536 4096 6.90746e-09
65536 8192 2.13173e-09
65536 16384 1.45784e-09
65536 32768 1.45701e-09


131072 1 1.54422e-09
131072 2 1.72878e-09
131072 4 2.35554e-09
131072 8 2.97174e-09
131072 16 3.53317e-09
131072 32 3.48291e-09
131072 64 4.48944e-09
131072 128 6.25691e-09
131072 256 6.34778e-09
131072 512 6.73771e-09
131072 1024 6.90797e-09
131072 2048 6.9173e-09
131072 4096 6.9088e-09
131072 8192 6.90979e-09
131072 16384 2.13029e-09
131072 32768 1.45544e-09
131072 65536 1.45727e-09


262144 1 1.54646e-09
262144 2 1.73932e-09
262144 4 2.38799e-09
262144 8 3.23537e-09
262144 16 4.92513e-09
262144 32 4.77773e-09
262144 64 4.67031e-09
262144 128 6.30298e-09
262144 256 6.35317e-09
262144 512 6.73121e-09
262144 1024 6.90979e-09
262144 2048 6.91646e-09
262144 4096 6.90842e-09
262144 8192 6.90541e-09
262144 16384 6.90848e-09
262144 32768 2.13183e-09
262144 65536 1.45647e-09
262144 131072 1.45629e-09


524288 1 1.5552e-09
524288 2 1.73412e-09
524288 4 2.38247e-09
524288 8 3.20095e-09
524288 16 4.95553e-09
524288 32 5.58718e-09
524288 64 5.67493e-09
524288 128 7.04569e-09
524288 256 6.69286e-09
524288 512 6.51973e-09
524288 1024 6.625e-09
524288 2048 6.62765e-09
524288 4096 6.68338e-09
524288 8192 6.82819e-09
524288 16384 7.03749e-09
524288 32768 7.24396e-09
524288 65536 3.35e-09
524288 131072 1.45883e-09
524288 262144 1.4561e-09


1048576 1 1.57087e-09
1048576 2 1.76119e-09
1048576 4 2.43055e-09
1048576 8 3.27168e-09
1048576 16 5.04521e-09
1048576 32 6.1523e-09
1048576 64 6.412e-09
1048576 128 7.62475e-09
1048576 256 7.02161e-09
1048576 512 6.71476e-09
1048576 1024 6.59278e-09
1048576 2048 6.43536e-09
1048576 4096 6.4669e-09
1048576 8192 6.5124e-09
1048576 16384 6.63018e-09
1048576 32768 6.73166e-09
1048576 65536 7.21675e-09
1048576 131072 1.4574e-09
1048576 262144 1.45759e-09
1048576 524288 1.45706e-09


2097152 1 2.6117e-09
2097152 2 4.73817e-09
2097152 4 8.98957e-09
2097152 8 1.67137e-08
2097152 16 3.31564e-08
2097152 32 5.47035e-08
2097152 64 7.03783e-08
2097152 128 1.11178e-07
2097152 256 1.11028e-07
2097152 512 1.10851e-07
2097152 1024 1.10742e-07
2097152 2048 8.29368e-08
2097152 4096 8.26886e-08
2097152 8192 8.09414e-08
2097152 16384 7.95624e-08
2097152 32768 6.91702e-08
2097152 65536 3.37342e-08
2097152 131072 5.54112e-09
2097152 262144 1.45521e-09
2097152 524288 1.45648e-09
2097152 1048576 1.45562e-09


4194304 1 1.87325e-09
4194304 2 3.02345e-09
4194304 4 5.779e-09
4194304 8 1.0651e-08
4194304 16 2.18361e-08
4194304 32 4.87888e-08
4194304 64 6.99291e-08
4194304 128 1.10839e-07
4194304 256 1.10883e-07
4194304 512 1.112e-07
4194304 1024 1.11739e-07
4194304 2048 1.04797e-07
4194304 4096 1.04782e-07
4194304 8192 1.04172e-07
4194304 16384 1.04011e-07
4194304 32768 1.03985e-07
4194304 65536 1.03182e-07
4194304 131072 6.02105e-08
4194304 262144 5.56341e-09
4194304 524288 1.45724e-09
4194304 1048576 1.46085e-09
4194304 2097152 1.45566e-09


8388608 1 1.87558e-09
8388608 2 3.03453e-09
8388608 4 5.81104e-09
8388608 8 1.07249e-08
8388608 16 2.19296e-08
8388608 32 5.00567e-08
8388608 64 7.75661e-08
8388608 128 1.23529e-07
8388608 256 1.2354e-07
8388608 512 1.23247e-07
8388608 1024 1.23292e-07
8388608 2048 1.1972e-07
8388608 4096 1.19599e-07
8388608 8192 1.19642e-07
8388608 16384 1.19363e-07
8388608 32768 1.19262e-07
8388608 65536 1.18739e-07
8388608 131072 1.17623e-07
8388608 262144 8.27241e-08
8388608 524288 6.21602e-09
8388608 1048576 1.45712e-09
8388608 2097152 1.45784e-09
8388608 4194304 1.45988e-09


16777216 1 2.75703e-09
16777216 2 5.03184e-09
16777216 4 9.58496e-09
16777216 8 1.78711e-08
16777216 16 3.54065e-08
16777216 32 5.97472e-08
16777216 64 7.76458e-08
16777216 128 1.23843e-07
16777216 256 1.23827e-07
16777216 512 1.23649e-07
16777216 1024 1.23582e-07
16777216 2048 1.19867e-07
16777216 4096 1.19705e-07
16777216 8192 1.19874e-07
16777216 16384 1.1993e-07
16777216 32768 1.19827e-07
16777216 65536 1.19967e-07
16777216 131072 1.20183e-07
16777216 262144 1.20276e-07
16777216 524288 9.57623e-08
16777216 1048576 6.2274e-09
16777216 2097152 1.45734e-09
16777216 4194304 1.4572e-09
16777216 8388608 1.45756e-09


